1 1213 3364 1
2 2499 2364 1
3 7418 795 1
4 7938 848 1
5 8770 632 1
6 11808 724 1
7 14689 3467 1
8 15006 187 1
9 16011 163 1
9 16011 544 1
9 16011 2070 1
10 16568 833 1
11 17505 1593 1
12 17722 2307 1
13 17881 3048 1
14 18455 2494 1
15 19585 1398 1
16 20184 997 1
16 20184 515 1
17 20955 120 1
18 22836 978 1
18 22836 998 1
18 22836 2155 1
19 23185 29 1
20 25815 4244 1
21 26299 595 1
21 26299 1260 1
22 27856 647 1
23 30368 75 1
24 34557 1638 1
25 35206 54 1
26 35454 654 1
26 35454 74 1
27 36504 376 1
28 37801 2835 1
29 38160 4248 1
30 39426 562 1
31 41574 380 1
32 41890 51 1
33 42947 1787 1
1 872 54 1
2 1403 8 1
3 8004 1 1
4 11647 4 1
5 13098 28 1
5 13098 695 1
5 13098 64 1
5 13098 166 1
5 13098 106 1
5 13098 187 1
5 13098 304 1
5 13098 91 1
5 13098 257 1
6 19685 6 1
7 24274 8 1
8 25221 4 1
9 30764 80 1
9 30764 360 1
9 30764 136 1
9 30764 159 1
9 30764 340 1
9 30764 40 1
9 30764 189 1
9 30764 410 1
9 30764 58 1
9 30764 584 1
9 30764 178 1
9 30764 51 1
9 30764 442 1
10 32445 210 1
10 32445 142 1
10 32445 75 1
10 32445 55 1
10 32445 439 1
10 32445 267 1
10 32445 146 1
10 32445 144 1
10 32445 322 1
10 32445 331 1
10 32445 558 1
10 32445 204 1
10 32445 220 1
11 32950 127 1
11 32950 139 1
11 32950 420 1
12 33769 74 1
12 33769 187 1
13 36449 1 1
14 37529 15 1
15 39444 81 1
15 39444 94 1
15 39444 56 1
16 39834 21 1
17 40193 450 1
17 40193 102 1
17 40193 141 1
17 40193 15 1
18 42929 143 1
1 2496 6 1
2 5423 130 1
3 11093 1 1
4 15617 6 1
4 15617 2 1
5 20897 2 1
6 25704 1 1
7 30609 3 1
8 37664 2 1
9 39246 5 1
9 39246 515 1
9 39246 1760 1
10 39996 2 1
1 21028 501 1
2 21909 3232 1
3 30028 439 1
4 30097 139 1
4 30097 1584 1
5 31041 3803 1
6 32316 1330 1
7 32654 604 1
8 32981 2787 1
9 33212 206 1
10 34837 1799 1
11 35037 1259 1
12 39208 2633 1
13 39830 279 1
14 42696 3359 1
15 43118 784 1
1 10922 30 1
2 11965 1 1
3 12423 27 1
1 7197 928 1
1 7197 31 1
2 14400 6 1
3 21600 2 1
4 28799 19 1
5 35998 10 1
6 43200 6 1
1 3092 730 1
1 3092 474 1
1 3092 2241 1
2 10234 271 1
2 10234 875 1
2 10234 580 1
2 10234 1865 1
3 11114 723 1
3 11114 1801 1
4 12706 3997 1
5 13416 599 1
5 13416 37 1
6 14329 3705 1
7 20186 123 1
7 20186 3150 1
8 22380 216 1
8 22380 19 1
9 24997 552 1
9 24997 550 1
9 24997 2430 1
9 24997 445 1
10 28240 238 1
10 28240 1668 1
11 29091 70 1
11 29091 1431 1
11 29091 2093 1
12 29804 151 1
12 29804 78 1
12 29804 204 1
12 29804 3774 1
13 32482 241 1
13 32482 584 1
13 32482 59 1
13 32482 210 1
13 32482 1421 1
13 32482 770 1
13 32482 769 1
14 33350 1921 1
15 34346 1152 1
15 34346 382 1
16 36173 1082 1
16 36173 235 1
16 36173 1751 1
16 36173 878 1
17 37342 1214 1
18 38381 405 1
18 38381 123 1
18 38381 129 1
18 38381 1030 1
19 38680 828 1
19 38680 428 1
20 41958 764 1
20 41958 400 1
20 41958 87 1
1 7200 2419 1
1 7200 604 1
1 7200 59 1
1 7200 321 1
2 14400 1045 1
2 14400 3283 1
3 21596 123 1
3 21596 208 1
3 21596 325 1
3 21596 522 1
4 28799 544 1
4 28799 78 1
5 36003 86 1
5 36003 799 1
5 36003 598 1
1 7203 8 1
2 14401 63 1
3 21600 9 1
4 28801 76 1
5 36003 22 1
1 1078 302 1
1 1078 267 1
2 2864 698 1
2 2864 973 1
3 22954 4 1
4 36344 28 1
5 36862 58 1
6 43068 1 1
1 13930 1558 1
2 24965 1100 1
2 24965 584 1
3 27897 1297 1
3 27897 1466 1
3 27897 621 1
1 6042 63 1
1 6042 723 1
2 6398 1691 1
3 8120 1254 1
4 11694 133 1
5 17184 275 1
6 20628 547 1
7 23116 2512 1
7 23116 463 1
8 24772 661 1
9 26163 2005 1
10 31078 198 1
11 38007 403 1
1 5713 294 1
2 8117 261 1
3 8458 5 1
4 8603 69 1
5 16348 689 1
6 17025 15 1
7 17382 4 1
8 17604 43 1
9 20166 83 1
10 20549 5 1
11 20974 6 1
12 21781 36 1
13 23764 18 1
14 25182 37 1
15 26241 2 1
16 27023 446 1
17 27295 26 1
18 30206 3 1
19 30339 29 1
20 30798 11 1
21 31972 2400 1
21 31972 939 1
22 33091 33 1
23 33600 9 1
24 34695 3868 1
25 36256 6 1
26 37783 83 1
26 37783 154 1
27 37824 316 1
28 38285 3 1
29 38519 41 1
30 38731 193 1
31 39011 8 1
32 39135 26 1
33 39321 8 1
34 39458 4250 1
35 41507 21 1
1 16128 249 1
1 16128 426 1
1 16128 67 1
1 16128 196 1
1 16128 244 1
1 16128 130 1
1 16128 35 1
1 16128 125 1
1 16128 125 1
1 16128 208 1
1 16128 74 1
1 16128 160 1
1 16128 87 1
1 16128 198 1
1 16128 63 1
1 16128 95 1
1 16128 88 1
1 16128 101 1
1 16128 694 1
1 16128 112 1
1 16128 22 1
2 27694 71 1
2 27694 92 1
2 27694 131 1
2 27694 120 1
2 27694 76 1
2 27694 68 1
2 27694 260 1
2 27694 39 1
2 27694 204 1
2 27694 300 1
3 30544 414 1
3 30544 281 1
3 30544 95 1
3 30544 107 1
3 30544 61 1
3 30544 18 1
3 30544 106 1
3 30544 260 1
3 30544 225 1
3 30544 121 1
3 30544 92 1
3 30544 227 1
3 30544 128 1
3 30544 477 1
3 30544 72 1
3 30544 81 1
3 30544 123 1
3 30544 604 1
4 38469 68 1
4 38469 69 1
4 38469 64 1
4 38469 120 1
1 588 3422 1
2 675 37 1
3 7192 23 1
4 7302 2593 1
5 12350 2738 1
6 12774 384 1
7 13037 4367 1
8 14711 1006 1
9 15147 1150 1
10 15508 1618 1
11 21866 479 1
12 27191 1342 1
13 27572 839 1
14 28893 598 1
15 29235 908 1
16 30319 27 1
17 31031 1982 1
18 32036 1994 1
19 33090 445 1
20 42615 2692 1
1 20613 1114 1
2 21656 1340 1
3 23383 152 1
3 23383 706 1
1 128 1240 1
2 285 4297 1
3 1411 1997 1
4 1479 1491 1
5 3641 508 1
6 4420 201 1
7 5299 77 1
8 6336 4157 1
9 7438 914 1
10 9282 1711 1
11 9497 673 1
12 9944 1752 1
13 10102 2644 1
14 11618 3549 1
15 12155 103 1
16 12275 2146 1
17 12829 3891 1
18 13902 1213 1
19 14060 1620 1
20 14718 2537 1
21 14973 3843 1
22 15055 2825 1
23 15387 1177 1
23 15387 984 1
24 15905 329 1
24 15905 496 1
25 16105 544 1
25 16105 2775 1
26 16340 637 1
27 16760 989 1
28 16993 43 1
29 17535 308 1
30 18177 3631 1
31 18268 1361 1
31 18268 1866 1
32 18366 2457 1
33 18652 612 1
33 18652 718 1
34 18779 2311 1
35 22406 580 1
36 22506 1163 1
37 22590 885 1
38 29063 666 1
39 30255 2369 1
40 30544 297 1
41 30853 3532 1
42 31387 880 1
43 31484 1451 1
44 32694 896 1
45 33672 2492 1
45 33672 1312 1
46 34235 3295 1
47 34514 2549 1
48 36150 3270 1
49 37167 343 1
50 37326 266 1
51 37434 263 1
52 38006 674 1
53 39144 705 1
1 730 864 1
2 1009 57 1
3 4586 431 1
4 4633 2079 1
5 4874 1152 1
6 5065 860 1
7 5320 300 1
8 5332 34 1
8 5332 2915 1
9 10869 147 1
10 35722 1544 1
1 1609 522 1
1 1609 148 1
1 1609 1204 1
1 1609 218 1
2 4570 13 1
3 4669 26 1
4 5273 133 1
5 5549 54 1
6 6554 289 1
7 7629 714 1
7 7629 1783 1
8 13550 37 1
9 15564 183 1
10 27359 174 1
11 27585 47 1
12 28642 79 1
13 31664 1080 1
14 32972 18 1
15 34961 115 1
15 34961 474 1
15 34961 784 1
16 37532 1312 1
17 40442 656 1
18 41435 368 1
19 41621 48 1
19 41621 170 1
1 189 1484 1
2 216 3918 1
3 3396 3372 1
4 4186 1380 1
5 4379 125 1
6 5069 3043 1
7 5579 3259 1
8 6338 319 1
9 9928 2359 1
10 10125 1430 1
11 10726 1814 1
12 11010 2916 1
13 12163 3214 1
14 12456 2363 1
15 12597 3152 1
16 27706 561 1
17 27865 822 1
18 28228 2314 1
19 28626 4157 1
20 33861 735 1
21 33984 2286 1
22 34320 3813 1
23 34589 1789 1
24 36382 376 1
25 37156 2190 1
26 38794 3864 1
27 39237 1449 1
28 39762 2251 1
29 39902 3439 1
30 40405 1229 1
1 1815 1796 1
2 2243 3606 1
3 2278 3708 1
3 2278 2 1
4 3683 109 1
5 5425 155 1
5 5425 143 1
6 6828 2621 1
7 7260 1302 1
8 8172 704 1
8 8172 3647 1
9 8386 148 1
9 8386 1452 1
10 8473 320 1
10 8473 2983 1
10 8473 270 1
10 8473 343 1
11 10038 2800 1
12 11202 2451 1
12 11202 148 1
13 12203 575 1
14 12363 565 1
14 12363 86 1
14 12363 3 1
14 12363 2999 1
15 12562 1958 1
16 12769 283 1
17 12834 200 1
18 13289 1983 1
19 13382 654 1
19 13382 18 1
20 14018 3186 1
21 14161 456 1
21 14161 1402 1
22 14803 2055 1
23 15028 3401 1
23 15028 465 1
24 15919 2717 1
25 17089 1832 1
26 18147 2755 1
27 19503 980 1
28 19734 1045 1
29 20365 876 1
30 20532 11 1
30 20532 3637 1
31 20695 66 1
31 20695 2709 1
32 21389 743 1
32 21389 2279 1
33 22294 512 1
34 22418 3883 1
35 23005 604 1
35 23005 1521 1
36 23072 339 1
37 24036 1027 1
38 24173 2553 1
39 24365 351 1
40 24473 278 1
41 25266 156 1
42 25793 342 1
43 25907 2295 1
44 26857 1447 1
45 27220 2409 1
45 27220 631 1
46 28257 3949 1
47 28848 419 1
48 30223 2339 1
49 30457 230 1
49 30457 2096 1
49 30457 302 1
50 33066 3039 1
51 33982 2864 1
52 34094 2949 1
53 34379 271 1
54 35272 1799 1
54 35272 1230 1
55 36443 58 1
55 36443 1645 1
56 39079 172 1
56 39079 1554 1
57 39646 2689 1
58 41657 2719 1
59 42837 868 1
59 42837 2307 1
1 18713 2249 1
2 19077 2801 1
3 20265 1336 1
4 31581 1580 1
5 37063 680 1
6 37316 202 1
7 37701 1206 1
8 41587 215 1
1 779 3667 1
1 12732 29 1
1 249 389 1
2 750 49 1
2 750 440 1
3 4285 47 1
3 4285 88 1
3 4285 436 1
3 4285 1251 1
4 4581 18 1
4 4581 76 1
4 4581 5 1
4 4581 1 1
5 12626 1227 1
6 12828 60 1
6 12828 948 1
7 13463 15 1
7 13463 178 1
7 13463 8 1
7 13463 908 1
8 16271 98 1
8 16271 119 1
9 16873 5 1
9 16873 383 1
9 16873 196 1
9 16873 101 1
9 16873 10 1
9 16873 111 1
9 16873 52 1
9 16873 5 1
9 16873 180 1
9 16873 9 1
9 16873 31 1
9 16873 1762 1
9 16873 461 1
9 16873 3 1
9 16873 260 1
9 16873 47 1
10 17918 565 1
10 17918 710 1
11 18099 880 1
12 18259 21 1
12 18259 98 1
12 18259 70 1
12 18259 313 1
13 18373 412 1
13 18373 69 1
13 18373 55 1
13 18373 68 1
13 18373 273 1
13 18373 133 1
13 18373 66 1
13 18373 95 1
13 18373 46 1
13 18373 33 1
13 18373 23 1
13 18373 24 1
13 18373 22 1
13 18373 10 1
13 18373 1499 1
14 18977 47 1
15 24196 14 1
15 24196 400 1
15 24196 350 1
15 24196 11 1
15 24196 22 1
15 24196 90 1
15 24196 48 1
15 24196 322 1
15 24196 338 1
15 24196 197 1
15 24196 2315 1
15 24196 3 1
15 24196 225 1
16 24325 1515 1
17 25631 606 1
18 25704 1466 1
18 25704 605 1
19 26058 190 1
20 26295 588 1
21 26596 34 1
21 26596 17 1
21 26596 1772 1
22 27216 68 1
22 27216 36 1
22 27216 96 1
22 27216 297 1
22 27216 9 1
22 27216 2 1
22 27216 414 1
22 27216 1115 1
23 27571 188 1
23 27571 359 1
24 28070 2 1
24 28070 150 1
24 28070 1257 1
25 28323 361 1
25 28323 334 1
25 28323 57 1
25 28323 274 1
26 29747 186 1
27 29874 683 1
28 31135 10 1
28 31135 22 1
28 31135 11 1
28 31135 132 1
28 31135 40 1
28 31135 5 1
28 31135 467 1
29 31271 2372 1
30 31950 17 1
30 31950 18 1
30 31950 116 1
31 33234 18 1
31 33234 357 1
32 33355 92 1
32 33355 485 1
32 33355 10 1
32 33355 1995 1
33 33441 157 1
33 33441 902 1
33 33441 202 1
34 33548 6 1
34 33548 392 1
34 33548 1227 1
35 33832 1209 1
36 35600 56 1
36 35600 238 1
36 35600 4 1
36 35600 2611 1
37 36252 18 1
37 36252 69 1
37 36252 229 1
38 36555 29 1
38 36555 1837 1
39 36752 3453 1
40 36853 944 1
41 37512 1314 1
42 37990 20 1
42 37990 24 1
42 37990 837 1
42 37990 416 1
42 37990 34 1
42 37990 32 1
42 37990 8 1
42 37990 180 1
42 37990 2544 1
43 38379 199 1
44 41210 959 1
44 41210 25 1
44 41210 13 1
44 41210 62 1
45 41437 1628 1
45 41437 196 1
45 41437 3 1
1 146 263 1
2 5512 1741 1
3 13849 21 1
3 13849 47 1
3 13849 393 1
4 16252 1044 1
4 16252 12 1
1 623 340 1
2 2155 472 1
3 3405 141 1
4 3528 1132 1
5 3681 30 1
6 4211 50 1
7 12099 52 1
8 14043 520 1
9 17590 78 1
9 17590 1229 1
10 17774 57 1
11 18349 539 1
12 18905 14 1
12 18905 61 1
13 19126 324 1
13 19126 2271 1
14 22445 145 1
15 22682 808 1
16 23338 9 1
17 23496 161 1
18 23771 357 1
19 25967 25 1
20 28861 103 1
21 29446 171 1
22 30008 1077 1
23 30872 299 1
24 31215 46 1
25 32123 266 1
26 32172 34 1
27 34195 139 1
28 35418 58 1
29 36061 3800 1
30 36134 2357 1
31 37202 60 1
32 37495 78 1
33 42902 1123 1
1 16793 237 1
1 16793 308 1
2 19501 202 1
2 19501 157 1
1 697 7 1
1 697 1 1
1 697 334 1
2 7018 2 1
2 7018 13 1
2 7018 1 1
2 7018 2 1
2 7018 2 1
2 7018 76 1
2 7018 2 1
2 7018 230 1
3 8991 3 1
3 8991 19 1
4 16259 24 1
4 16259 28 1
4 16259 257 1
4 16259 9 1
4 16259 2 1
4 16259 66 1
4 16259 19 1
4 16259 2 1
4 16259 7 1
5 21680 1 1
5 21680 7 1
5 21680 2 1
5 21680 14 1
5 21680 5 1
5 21680 5 1
5 21680 2 1
6 28108 4 1
6 28108 15 1
6 28108 28 1
6 28108 2 1
6 28108 19 1
6 28108 10 1
6 28108 1 1
6 28108 58 1
6 28108 1 1
6 28108 17 1
7 29500 3 1
7 29500 15 1
8 31899 2 1
8 31899 7 1
8 31899 1 1
8 31899 10 1
8 31899 53 1
9 34062 27 1
10 36387 7 1
10 36387 2 1
10 36387 226 1
1 5906 1 1
1 5906 4 1
1 5906 5 1
1 5906 2 1
1 5906 8 1
1 5906 0 1
2 17980 484 1
3 21111 2 1
4 24836 5 1
4 24836 7 1
4 24836 2 1
5 28286 87 1
1 13179 736 1
2 13780 39 1
2 13780 150 1
2 13780 2074 1
3 19178 33 1
4 20283 1079 1
4 20283 53 1
5 28949 2076 1
6 29014 1144 1
6 29014 1081 1
7 30295 17 1
7 30295 404 1
8 31191 2164 1
9 33326 2189 1
10 34120 614 1
11 34728 14 1
12 39256 24 1
13 39486 229 1
14 40347 138 1
14 40347 2 1
14 40347 166 1
14 40347 1498 1
1 127 0 1
1 127 31 1
1 127 25 1
1 127 23 1
1 127 30 1
1 127 11 1
1 127 116 1
1 127 31 1
1 127 33 1
1 127 2230 1
1 127 275 1
1 127 7 1
1 127 206 1
2 1599 3 1
2 1599 430 1
2 1599 178 1
2 1599 1 1
2 1599 43 1
2 1599 26 1
2 1599 29 1
2 1599 274 1
2 1599 92 1
2 1599 428 1
2 1599 407 1
2 1599 21 1
2 1599 10 1
2 1599 25 1
2 1599 1116 1
3 2354 1 1
3 2354 13 1
3 2354 1615 1
4 3200 352 1
4 3200 234 1
4 3200 173 1
4 3200 395 1
4 3200 12 1
4 3200 6 1
4 3200 134 1
4 3200 178 1
5 10772 2 1
5 10772 77 1
5 10772 143 1
5 10772 75 1
5 10772 41 1
5 10772 354 1
5 10772 68 1
5 10772 166 1
5 10772 0 1
5 10772 1372 1
6 11529 1632 1
6 11529 900 1
7 12611 24 1
7 12611 23 1
8 12880 9 1
8 12880 2797 1
9 12952 71 1
9 12952 2 1
9 12952 7 1
9 12952 148 1
9 12952 26 1
9 12952 2523 1
9 12952 1 1
9 12952 7 1
9 12952 41 1
9 12952 38 1
9 12952 1394 1
10 15341 2134 1
11 15964 103 1
11 15964 1 1
11 15964 588 1
1 1521 1 1
1 1521 207 1
1 1521 1640 1
2 4244 339 1
2 4244 317 1
2 4244 0 1
2 4244 957 1
2 4244 5 1
2 4244 123 1
2 4244 333 1
3 6803 27 1
3 6803 105 1
3 6803 26 1
3 6803 93 1
3 6803 42 1
3 6803 54 1
4 17602 21 1
4 17602 47 1
5 17753 30 1
5 17753 387 1
6 18506 39 1
7 22398 65 1
7 22398 69 1
7 22398 226 1
8 22488 1257 1
9 27142 59 1
9 27142 7 1
9 27142 396 1
9 27142 98 1
9 27142 6 1
9 27142 31 1
10 28992 9 1
11 29741 1 1
11 29741 7 1
11 29741 13 1
11 29741 4 1
12 31343 36 1
13 34303 37 1
13 34303 118 1
13 34303 33 1
13 34303 4 1
13 34303 343 1
14 35088 94 1
15 35535 34 1
16 35920 261 1
1 714 93 1
1 714 1145 1
1 714 3136 1
2 982 295 1
2 982 474 1
2 982 1626 1
3 6342 253 1
4 11610 241 1
5 14655 47 1
5 14655 795 1
6 17895 688 1
7 18215 714 1
8 18397 117 1
8 18397 205 1
9 21921 68 1
10 22311 121 1
11 22418 187 1
11 22418 1038 1
12 23277 24 1
13 23566 902 1
14 23968 9 1
15 27105 2594 1
16 30951 3882 1
17 32677 1203 1
17 32677 543 1
18 36800 126 1
18 36800 1569 1
18 36800 753 1
1 7704 468 1
1 7704 1317 1
2 10007 711 1
2 10007 3121 1
3 11436 81 1
4 12676 384 1
4 12676 468 1
5 18989 497 1
6 21071 8 1
7 23240 370 1
8 25922 1507 1
9 26605 2518 1
10 27076 1250 1
1 522 16 1
1 522 4 1
1 522 5 1
1 522 60 1
1 522 103 1
1 522 72 1
1 522 14 1
1 522 908 1
1 522 2 1
1 522 41 1
1 522 63 1
1 522 0 1
1 522 4 1
1 522 1 1
1 522 355 1
1 522 10 1
1 522 9 1
1 522 18 1
1 522 949 1
1 522 926 1
2 2268 427 1
2 2268 70 1
2 2268 2902 1
3 4234 56 1
4 7560 287 1
5 8174 386 1
6 10180 287 1
6 10180 447 1
7 14982 120 1
7 14982 2 1
8 19115 1761 1
8 19115 20 1
8 19115 33 1
8 19115 35 1
9 19599 518 1
9 19599 96 1
9 19599 5 1
9 19599 1750 1
9 19599 219 1
9 19599 1256 1
10 19804 21 1
10 19804 132 1
11 20147 922 1
11 20147 1 1
11 20147 13 1
11 20147 182 1
11 20147 2129 1
12 21466 588 1
12 21466 2 1
12 21466 34 1
12 21466 680 1
13 21802 6 1
13 21802 416 1
14 22365 2 1
14 22365 2 1
14 22365 27 1
14 22365 8 1
14 22365 15 1
14 22365 116 1
15 23130 31 1
16 23787 26 1
16 23787 3243 1
17 23919 87 1
17 23919 27 1
17 23919 8 1
17 23919 204 1
17 23919 2 1
17 23919 5 1
17 23919 153 1
18 24286 37 1
18 24286 559 1
19 24463 430 1
19 24463 69 1
20 25916 303 1
20 25916 17 1
20 25916 161 1
21 26012 109 1
21 26012 178 1
22 27602 3 1
22 27602 11 1
22 27602 17 1
22 27602 19 1
23 27930 121 1
1 826 2 1
1 826 1 1
1 826 401 1
2 1259 2 1
2 1259 71 1
3 4695 5 1
3 4695 1 1
3 4695 97 1
3 4695 88 1
3 4695 2 1
3 4695 11 1
3 4695 1 1
3 4695 4 1
3 4695 8 1
3 4695 1 1
3 4695 2 1
3 4695 1 1
3 4695 58 1
3 4695 3 1
3 4695 510 1
4 9043 1 1
4 9043 953 1
4 9043 1 1
5 9843 23 1
5 9843 2 1
5 9843 2 1
5 9843 7 1
5 9843 3 1
5 9843 3 1
5 9843 7 1
5 9843 51 1
5 9843 245 1
6 12825 2 1
6 12825 2 1
6 12825 18 1
7 13715 5 1
7 13715 5 1
8 14734 6 1
8 14734 34 1
9 15706 2 1
9 15706 26 1
9 15706 90 1
10 15839 326 1
10 15839 1 1
10 15839 5 1
10 15839 2 1
10 15839 10 1
10 15839 5 1
10 15839 28 1
10 15839 2 1
10 15839 11 1
10 15839 6 1
10 15839 2 1
10 15839 3 1
10 15839 1 1
10 15839 2 1
10 15839 1 1
10 15839 2 1
10 15839 1 1
10 15839 1 1
10 15839 627 1
10 15839 6 1
10 15839 24 1
10 15839 125 1
10 15839 11 1
10 15839 1 1
10 15839 1 1
10 15839 2 1
10 15839 3 1
10 15839 167 1
10 15839 2 1
10 15839 18 1
10 15839 1 1
10 15839 75 1
10 15839 2 1
10 15839 106 1
11 17238 100 1
12 17643 1 1
12 17643 1 1
12 17643 2 1
12 17643 13 1
13 18338 1 1
13 18338 2 1
13 18338 22 1
13 18338 2 1
13 18338 4 1
14 19630 4 1
14 19630 48 1
14 19630 9 1
14 19630 62 1
15 27228 4 1
15 27228 18 1
15 27228 16 1
15 27228 3 1
15 27228 14 1
15 27228 2 1
15 27228 111 1
15 27228 3 1
15 27228 3 1
15 27228 26 1
15 27228 10 1
15 27228 2 1
15 27228 2 1
15 27228 44 1
16 34519 76 1
17 35403 12 1
17 35403 24 1
17 35403 3 1
17 35403 4 1
17 35403 43 1
17 35403 1 1
17 35403 45 1
17 35403 27 1
17 35403 1 1
17 35403 5 1
17 35403 21 1
17 35403 14 1
17 35403 4 1
17 35403 5 1
17 35403 22 1
17 35403 3 1
17 35403 2 1
17 35403 2 1
17 35403 3 1
17 35403 2 1
17 35403 428 1
17 35403 3 1
17 35403 4 1
17 35403 472 1
17 35403 4 1
17 35403 69 1
18 37212 1 1
18 37212 12 1
18 37212 31 1
18 37212 121 1
19 37461 83 1
20 38894 39 1
21 40160 16 1
21 40160 15 1
22 42381 2 1
22 42381 2 1
22 42381 3 1
22 42381 647 1
23 42773 11 1
23 42773 19 1
23 42773 197 1
1 576 2139 1
1 576 141 1
1 576 128 1
1 576 246 1
2 1332 12 1
2 1332 134 1
1 375 773 1
1 375 2181 1
2 1458 2042 1
3 2326 1092 1
4 2681 352 1
5 2766 240 1
5 2766 253 1
1 1720 64 1
1 1720 4 1
1 1720 30 1
2 8271 359 1
2 8271 138 1
2 8271 1445 1
3 8644 0 1
3 8644 108 1
3 8644 147 1
4 28385 87 1
1 16899 71 1
1 16899 298 1
2 18487 195 1
2 18487 161 1
2 18487 13 1
2 18487 464 1
2 18487 3041 1
3 33901 1910 1
4 34639 385 1
4 34639 666 1
1 682 82 1
2 797 148 1
3 940 145 1
4 1483 171 1
5 3803 5 1
6 6451 54 1
7 6631 157 1
8 7116 609 1
9 7151 19 1
10 11539 301 1
11 15562 38 1
12 19248 32 1
13 20183 1028 1
14 20459 352 1
14 20459 613 1
14 20459 1823 1
15 21085 54 1
16 21373 68 1
17 24923 284 1
18 25269 30 1
19 25771 604 1
20 26108 9 1
20 26108 22 1
21 27771 43 1
22 31099 57 1
23 31857 426 1
24 33271 8 1
25 33662 105 1
26 34768 84 1
26 34768 326 1
27 35577 189 1
28 41577 1980 1
29 42047 29 1
1 459 8 1
2 1281 11 1
3 4373 92 1
4 4727 173 1
5 5916 95 1
6 6118 68 1
7 8681 14 1
7 8681 3 1
8 9991 37 1
9 11169 94 1
10 11840 35 1
11 12770 1058 1
12 17830 642 1
12 17830 618 1
12 17830 99 1
13 18921 4 1
14 21081 9 1
14 21081 188 1
15 21191 331 1
16 21477 19 1
17 22660 27 1
17 22660 156 1
18 29972 168 1
18 29972 40 1
18 29972 859 1
19 30940 63 1
1 574 16 1
1 574 91 1
1 574 25 1
2 1330 9 1
2 1330 11 1
2 1330 24 1
2 1330 327 1
2 1330 58 1
2 1330 424 1
3 14273 20 1
4 16599 374 1
4 16599 311 1
4 16599 31 1
4 16599 22 1
4 16599 41 1
4 16599 98 1
4 16599 22 1
4 16599 43 1
4 16599 84 1
5 16986 13 1
6 18753 11 1
7 27930 34 1
7 27930 13 1
7 27930 3 1
7 27930 42 1
7 27930 20 1
7 27930 1 1
8 30235 112 1
8 30235 113 1
8 30235 20 1
9 32992 53 1
10 34053 8 1
1 426 52 1
1 426 2752 1
2 1061 61 1
2 1061 239 1
2 1061 28 1
3 1883 240 1
3 1883 169 1
4 2382 124 1
4 2382 373 1
4 2382 35 1
4 2382 464 1
5 2717 105 1
5 2717 1482 1
5 2717 121 1
5 2717 236 1
5 2717 1977 1
6 12501 13 1
6 12501 15 1
7 14062 57 1
7 14062 36 1
7 14062 28 1
7 14062 89 1
7 14062 564 1
8 16074 17 1
8 16074 14 1
9 17083 1717 1
10 17546 2698 1
11 21713 104 1
12 21905 53 1
12 21905 9 1
13 31146 44 1
13 31146 1708 1
14 32515 23 1
15 32739 53 1
16 35082 84 1
17 36231 61 1
17 36231 6 1
18 37274 36 1
18 37274 137 1
18 37274 94 1
18 37274 678 1
19 37462 31 1
19 37462 212 1
19 37462 379 1
19 37462 1508 1
20 37940 613 1
21 39214 55 1
22 41952 189 1
22 41952 461 1
23 43103 25 1
23 43103 588 1
23 43103 255 1
1 3158 30 1
2 11265 52 1
3 11327 496 1
4 11365 21 1
5 12957 15 1
6 16029 61 1
6 16029 23 1
6 16029 1412 1
7 17739 414 1
8 21658 667 1
9 23960 3753 1
10 28074 26 1
1 387 1835 1
2 1397 2531 1
3 7956 14 1
3 7956 17 1
1 1172 27 1
2 4535 122 1
2 4535 308 1
3 6425 1077 1
3 6425 207 1
3 6425 267 1
3 6425 441 1
3 6425 1003 1
4 6616 583 1
4 6616 1355 1
1 3328 46 1
1 3328 35 1
1 3328 475 1
2 24799 13 1
2 24799 260 1
3 25155 88 1
4 25231 20 1
1 179 4 1
1 179 120 1
2 5410 11 1
2 5410 189 1
2 5410 388 1
3 5521 10 1
3 5521 189 1
3 5521 34 1
3 5521 77 1
4 6251 165 1
4 6251 11 1
4 6251 7 1
4 6251 264 1
4 6251 99 1
4 6251 2300 1
5 6606 7 1
5 6606 131 1
6 6904 13 1
6 6904 9 1
6 6904 22 1
7 7170 118 1
8 10311 15 1
8 10311 19 1
8 10311 6 1
8 10311 13 1
8 10311 347 1
9 10467 5 1
9 10467 179 1
10 22646 19 1
11 35986 22 1
1 888 26 1
2 2078 781 1
1 17035 205 1
2 23556 199 1
3 26401 26 1
4 30055 129 1
5 31079 85 1
6 35185 432 1
6 35185 130 1
7 35345 185 1
8 40238 300 1
9 40291 292 1
10 42727 269 1
10 42727 1443 1
1 5223 160 1
1 5223 215 1
1 5223 660 1
1 5223 571 1
1 5223 536 1
2 7784 201 1
2 7784 607 1
3 10942 861 1
4 39669 2545 1
5 39899 170 1
5 39899 2986 1
6 40120 2381 1
1 117 50 1
2 695 2282 1
3 1014 389 1
